5.9375061426866131e-275
1.7812518428059835e-274
6.5312567569552719e-274
2.4343775185015094e-273
9.0843843983105113e-273
3.3903160074740542e-272
1.2652825590065161e-271
4.7220986352786593e-271
1.7623111982108121e-270
6.5770349293153845e-270
2.4545828519050725e-269
9.1606279146887556e-269
3.4187928806849942e-268
1.2759108731271106e-267
4.7617642044399453e-267
1.7771145944632679e-266
6.6322819574090759e-266
2.4752013235173040e-265
9.2375770983283063e-265
3.4475107069795918e-264
1.2866285118085536e-263
4.8017629765362572e-263
1.7920423394336475e-262
6.6879930600809634e-262
2.4959929900890200e-261
9.3151726543479890e-261
3.4764697627302924e-260
1.2974361785486371e-259
4.8420977379215191e-259
1.8070954773137428e-258
6.7441721354628220e-258
2.5169593064537540e-257
9.3934200122687315e-257
3.5056720742621167e-256
1.3083346295821591e-255
4.8827713109024237e-255
1.8222750614027541e-254
6.8008231145207730e-254
2.5381017396680340e-253
9.4723246472200583e-253
3.5351196849212192e-252
1.3193246274962870e-251
4.9237865414930277e-251
1.8375821538475821e-250
6.8579499612410263e-250
2.5594217691116514e-249
9.5518920803225084e-249
3.5648146552178363e-248
1.3304069412839095e-247
4.9651462996138554e-247
1.8530178257171515e-246
6.9155566729072209e-246
2.5809208865911745e-245
9.6321278790739731e-245
3.5947590629704739e-244
1.3415823463974497e-243
5.0068534792927533e-243
1.8685831570773563e-242
6.9736472803801475e-242
2.6026005964443236e-241
9.7130376577392796e-241
3.6249550034512815e-240
1.3528516248031278e-239
5.0489109988675708e-239
1.8842792370671577e-238
7.0322258483924437e-238
2.6244624156755263e-237
9.7946270784668746e-237
3.6554045912637614e-236
1.3642155691767292e-235
5.0913219002827662e-235
1.9001074011679361e-234
7.0913021551158833e-234
2.6465214763798420e-233
9.8772277328006755e-233
3.6868909253441315e-232
1.3775470841407551e-231
5.1789796421432826e-231
2.0237407375683327e-230
9.7341899893753624e-230
8.8685565884904752e-229
1.5879479708501739e-227
3.6111941298282797e-226
8.5988036668262163e-225
2.0632532118787629e-223
4.9578639785221882e-222
1.1919050284459744e-220
2.8663410628587169e-219
6.8951429893182065e-218
1.6591530026713881e-216
3.9935284789064427e-215
9.6151073685878023e-214
2.3156811376157660e-212
5.5786694758223252e-211
1.3443393992845933e-209
3.2405059270131916e-208
7.8134341636235633e-207
1.8844968814409610e-205
4.5464350626416780e-204
1.0971508914824564e-202
2.6483796538905707e-201
6.3945587864989670e-200
1.5443771594114062e-198
3.7308229182472962e-197
9.0149422708386740e-196
2.1788419077540042e-194
5.2672912656343928e-193
1.2736278133187940e-191
3.0802843362363581e-190
7.4512579251476863e-189
1.8028178732310369e-187
4.3626562278586654e-186
1.0559092016793679e-184
2.5560860432615088e-183
6.1885198895464131e-182
1.4984713702554343e-180
3.6287190346860184e-179
8.7879243920469377e-178
2.1281778435233625e-176
5.1529931964378218e-175
1.2472694679253235e-173
3.0169570435782545e-172
7.2880508158393397e-171
1.7564319804309261e-169
4.2157217499093793e-168
1.0046592921472357e-166
2.3643517018978440e-165
5.4437852669149885e-164
1.2070909783734539e-162
2.5129040689088327e-161
4.7306897205135740e-160
7.6709623658101756e-159
1.0082757307843301e-157
1.1145165998667304e-156
1.1121039182758162e-155
1.0347924835636132e-154
9.1681023715579858e-154
7.8523448276006232e-153
6.5733811730310369e-152
5.4206398502602654e-151
4.4273788377778085e-150
3.5947903343546482e-149
2.9085899425816595e-148
2.3488169390904890e-147
1.8949508568756736e-146
1.5282323845084502e-145
1.2324794321579222e-144
9.9416785585214785e-144
8.0219564563322456e-143
6.4754191384235799e-142
5.2291892139792101e-141
4.2245749778347867e-140
3.4143832560389143e-139
2.7606911004961062e-138
2.2330277416404046e-137
1.8069046043832433e-136
1.4626326986434612e-135
1.1843737829981687e-134
9.5938011017600497e-134
7.7738556170326692e-133
6.3011797636078916e-132
5.1090835826794331e-131
4.1437747298846994e-130
3.3618448526894913e-129
2.7282502747551225e-128
2.2146883281089520e-127
1.7982914366680185e-126
1.4605751826898373e-125
1.1865915196918649e-124
9.6424847502252401e-124
7.8376143289246632e-123
6.3721034913663191e-122
5.1818236548258603e-121
4.2148320473242371e-120
3.4290420169767052e-119
2.7903417209266510e-118
2.2710742268438553e-117
1.8488097957842117e-116
1.5053518654532669e-115
1.2259331738814761e-114
9.9856595750521230e-114
8.1351608396477356e-113
6.6287737434830514e-112
5.4022688907464777e-111
4.4034546372422920e-110
3.5899114536151849e-109
2.9271539416821314e-108
2.3871388163581382e-107
1.9470568145030065e-106
1.5883525152168285e-105
1.2959282593370769e-104
1.0574974863958664e-103
8.6305925154879463e-103
7.0447138809135177e-102
5.7510375184450477e-101
4.6955643939117921e-100
3.8343079323636536e-99
3.1314301528310186e-98
2.5577260209861759e-97
2.0893914872941359e-96
1.7070216876345151e-95
1.3947958502737747e-94
1.1398135426185036e-93
9.3155364866552036e-93
7.6143363890411511e-92
6.2245110031049404e-91
5.0889239507262242e-90
4.1609536010644391e-89
3.4025531201732192e-88
2.7826632692372722e-87
2.2759186491051406e-86
1.8615982819320483e-85
1.5227758241591106e-84
1.2456268041738155e-83
1.0188497019090755e-82
8.3318207749318618e-82
6.8100698180415416e-81
5.5603479743362949e-80
4.5303790493478872e-79
3.6762211007700350e-78
2.9603240022790515e-77
2.3498712758593688e-76
1.8166601075509027e-75
1.3400951149080193e-74
9.1363980312143013e-74
5.5014612192037370e-73
2.8392271987502880e-72
1.3042853178173270e-71
5.5042189405099886e-71
2.1814724347341808e-70
8.2476223448275080e-70
3.0074133918769181e-69
1.0658293349301675e-68
3.6913639241251015e-68
1.2543028280581780e-67
4.1936322342559683e-67
1.3825787860436094e-66
4.5021159021144322e-66
1.4498597825859479e-65
4.6222806221049488e-65
1.4600218078598265e-64
4.5721613521729015e-64
1.4202976610111399e-63
4.3785511486599100e-63
1.3401140247213984e-62
4.0733901035425914e-62
1.2299746909218255e-61
3.6903642044960609e-61
1.1004465084990622e-60
3.2619561308899557e-60
9.6132540027948091e-60
2.8171616229363224e-59
8.2103471075888052e-59
2.3799807542228173e-58
6.8627234951865809e-58
1.9686816570102524e-57
5.6189043540372677e-57
1.5957432632885111e-56
4.5096723191852169e-56
1.2683248334490513e-55
3.5501802154573714e-55
9.8908517847423135e-55
2.7428858826702742e-54
7.5717880456188487e-54
2.0808005633849674e-53
5.6928175884988254e-53
1.5506414379014056e-52
4.2053720733481050e-52
1.1356048207723074e-51
3.0535141569915624e-51
8.1760229771383827e-51
2.1800815692368092e-50
5.7890915997277441e-50
1.5309933673519561e-49
4.0325452240066356e-49
1.0579028727097565e-48
2.7643326078290603e-48
7.1949852609349846e-48
1.8654416226600477e-47
4.8179523648259207e-47
1.2396221341557941e-46
3.1774521117978356e-46
8.1142521376759129e-46
2.0644994264362116e-45
5.2335323432420168e-45
1.3219230341999786e-44
3.3271007057457364e-44
8.3443373632269597e-44
2.0854594305982270e-43
5.1941410959081246e-43
1.2892771029117847e-42
3.1894667822880176e-42
7.8640868842760824e-42
1.9326643709017138e-41
4.7343725330268999e-41
1.1560766990701545e-40
2.8141675901594764e-40
6.8292610612233871e-40
1.6522653913875392e-39
3.9855720512624713e-39
9.5858205680811879e-39
2.2988958431730774e-38
5.4977485275330589e-38
1.3111453890149739e-37
3.1184781070938108e-37
7.3975262648091850e-37
1.7502861203799298e-36
4.1308335209483583e-36
9.7252434607816426e-36
2.2841577034916967e-35
5.3523411480455425e-35
1.2513634571250898e-34
2.9192788583121372e-34
6.7959647375077533e-34
1.5788524965741798e-33
3.6608239331964769e-33
8.4721824546283776e-33
1.9571476862032437e-32
4.5133256611802066e-32
1.0390767879787418e-31
2.3884147792010000e-31
5.4817124524900543e-31
1.2563201788999329e-30
2.8753785540931886e-30
6.5725377800689385e-30
1.5005377046084992e-29
3.4219086670286582e-29
7.7952301352992234e-29
1.7740226707568114e-28
4.0335642842366826e-28
9.1632053902800594e-28
2.0799962555676614e-27
4.7180377858354710e-27
1.0694732691195195e-26
2.4227738003129692e-26
5.4854688379073985e-26
1.2413517344164310e-25
2.8078710395712599e-25
6.3486345745054494e-25
1.4349036145524343e-24
3.2420626688249863e-24
7.3230519514408169e-24
1.6536719184957748e-23
3.7334159563971706e-23
8.4270443285825265e-23
1.9018094277598422e-22
4.2913249593153785e-22
9.6818278010186354e-22
2.1841011932559089e-21
4.9265696943793538e-21
1.1111666168020995e-20
2.5060046780546730e-20
5.6514186959606921e-20
1.2744129172718463e-19
2.8737138700423816e-19
6.4797860958082987e-19
1.4610472738976827e-18
3.2942503329353458e-18
7.4274476239143682e-18
1.6746147301171533e-17
3.7755820073793867e-17
8.5123164373162608e-17
1.9191434180047698e-16
4.3267691647200797e-16
9.7547762316902077e-16
2.1992203030373837e-15
4.9581361770759439e-15
1.1178069932441811e-14
2.5200789699665819e-14
5.6814694515373937e-14
1.2808745328022423e-13
2.8876998054410811e-13
6.5102422746121281e-13
1.4677159085037646e-12
3.3089230357599235e-12
7.4598690095503733e-12
1.6818050405642340e-11
3.7915783234682706e-11
8.5479969597893217e-11
1.9271194661418796e-10
4.3446307014022257e-10
9.7948332289481587e-10
2.2082140819441906e-09
4.9783479688323119e-09
1.1223524282958234e-08
2.5303065794671894e-08
5.7044902007530018e-08
1.2860567351015790e-07
2.8993631960191750e-07
6.5364739900182511e-07
1.4736055749943827e-06
3.3220964529734160e-06
7.4890743701978406e-06
1.6881413728407192e-05
3.8045887975969575e-05
8.5708350058756898e-05
1.9290127000191600e-04
4.3326744285970056e-04
9.6868748474604059e-04
2.1436687017415443e-03
4.6395630513105905e-03
9.5994639015486889e-03
1.8245432691680753e-02
2.9270728285309456e-02
3.5699492192493708e-02
3.8337468788363624e-02
3.9367938030117761e-02
3.9761221583192001e-02
3.9910015589492594e-02
3.9966120444842893e-02
3.9987248433380196e-02
3.9995201122026175e-02
3.9998194078606268e-02
3.9999320402837893e-02
3.9999744258418901e-02
3.9999903761334644e-02
3.9999963784290715e-02
3.9999986371629284e-02
3.9999994871497212e-02
3.9999998070089152e-02
3.9999999273752682e-02
3.9999999726705628e-02
3.9999999897147018e-02
3.9999999961277011e-02
3.9999999985487436e-02
3.9999999994634640e-02
3.9999999997948489e-02
3.9999999999859294e-02
4.0000000002384614e-02
4.0000000008370042e-02
4.0000000026450343e-02
4.0000000083385646e-02
4.0000000263364012e-02
4.0000000832253108e-02
4.0000002630234767e-02
4.0000008312616443e-02
4.0000026271382834e-02
4.0000083030186852e-02
4.0000262428504706e-02
4.0000829545825484e-02
4.0002623011843312e-02
4.0008299735021763e-02
4.0026303461898914e-02
4.0083647821591177e-02
4.0267977674912532e-02
4.0872676196712789e-02
4.2958407881545028e-02
5.1119857291104714e-02
7.9077493784320468e-02
1.3797694902720126e-01
2.0623517006584435e-01
2.5507965524611470e-01
2.8216894826977412e-01
2.9888370173515377e-01
3.1027717166319452e-01
3.1885217065035026e-01
3.2583803829545782e-01
3.3185565113695542e-01
3.3722971379122629e-01
3.4212959485237371e-01
3.4663700138285802e-01
3.5078124982762132e-01
3.5455925938568172e-01
3.5794809959828783e-01
3.6091484496214526e-01
3.6342749046396255e-01
3.6546878701943192e-01
3.6704988965270197e-01
3.6821484149497768e-01
3.6902969732261415e-01
3.6956685859094018e-01
3.6990442056026096e-01
3.7011347328347999e-01
3.7025138270001728e-01
3.7035717189701184e-01
3.7044809072520113e-01
3.7052418963859229e-01
3.7059547960964567e-01
3.7066836722716268e-01
3.7074471833975464e-01
3.7082076004367537e-01
3.7090160965521535e-01
3.7101370762592190e-01
3.7114418065837756e-01
3.7130743957548240e-01
3.7153267890132113e-01
3.7179193915484959e-01
3.7191819307147478e-01
3.7202224171297671e-01
3.7218490383202962e-01
3.7225702983821968e-01
3.7235184851010467e-01
3.7280920668369905e-01
3.7389968157062842e-01
3.7709784190240564e-01
3.8269589926977488e-01
3.9610608750520349e-01
4.1483458840443754e-01
4.2591422830069853e-01
4.3057573648909436e-01
4.0076592997638988e-100
9.5358367303548188e-100
2.8772169422079320e-99
9.0682391696425077e-99
2.9063895878782688e-98
9.4304218137673130e-98
3.0916504561542405e-97
1.0223839330761709e-96
3.4053209360480878e-96
1.1409255236591334e-95
3.8408645605647367e-95
1.2979855330761528e-94
4.3999605496820227e-94
1.4951941422865766e-93
5.0909780366621098e-93
1.7361553843100802e-92
5.9282200922808979e-92
2.0262905837269096e-91
6.9316553902630722e-91
2.3728168585443557e-90
8.1270299801915211e-90
2.7848343250394397e-89
9.5462953857409719e-89
3.2735070705003291e-88
1.1228319978323372e-87
3.8523313231911270e-87
1.3219873594655441e-86
4.5374906647003962e-86
1.5576893514678598e-85
5.3483033489564785e-85
1.8366055199273053e-84
6.3077713532389275e-84
2.1666685063401081e-83
7.4432450880157071e-83
2.5573066131687153e-82
8.7872220433024485e-82
3.0197201569608578e-81
1.0378302304337058e-80
3.5672116556816410e-80
1.2262329055140085e-79
4.2155796464444513e-79
1.4493748122149680e-78
4.9835879506008065e-78
1.7137227514452729e-77
5.8935245680669864e-77
2.0269586033324538e-76
6.9718671723280146e-76
2.3982089622588754e-75
8.2500754833715409e-75
2.8383185524103543e-74
9.7655347241027066e-74
3.3601757852956494e-73
1.1562679041214995e-72
3.9791004342818019e-72
1.3694329341281116e-71
4.7133053240275281e-71
1.6223286631637905e-70
5.5844462249988407e-70
1.9224229871165267e-69
6.6182768766851086e-69
2.2785976775675162e-68
7.8454293231079402e-68
2.7014177281273050e-67
9.3023436325996807e-67
3.2034522798636983e-66
1.1032375712202850e-65
3.7996570411766269e-65
1.3087117460569067e-64
4.5078300288034306e-64
1.5527970105285803e-63
5.3491547371517082e-63
1.8428019448216638e-62
6.3488475644294391e-62
2.1874271143079659e-61
7.5369295715695305e-61
2.5970315348591962e-60
8.9491465258492693e-60
3.0839503491005120e-59
1.0628065807353243e-58
3.6628735853255727e-58
1.2624384278689655e-57
4.3512977787675997e-57
1.4998487810627356e-56
5.1700645126570871e-56
1.7822311026417976e-55
6.1440026558447080e-55
2.1181555223899043e-54
7.3026943206147475e-54
2.5178333654042824e-53
8.6813884413705260e-53
2.9934326732598729e-52
1.0322090504935520e-51
3.5594545762266575e-51
1.2274862492878649e-50
4.2331822852529256e-50
1.4599373700171265e-49
5.0352167545223443e-49
1.7366750980317151e-48
5.9901157901729680e-48
2.0661786380792535e-47
7.1271566322066944e-47
2.4585571356920358e-46
8.4812459072741107e-46
2.9258640074083582e-45
1.0094005419226172e-44
3.4824719887606470e-44
1.2015067503321579e-43
4.1455204536936961e-43
1.4303619279654728e-42
4.9354482545812447e-42
1.7030239581037713e-41
5.8766260289810990e-41
2.0279069762802159e-40
6.9980980625987269e-40
2.4150328551667191e-39
8.3344225126428938e-39
2.8763044871247325e-38
9.9265146329822245e-38
3.4257372694657168e-37
1.1822092222841364e-36
4.0794034674244065e-36
1.4074245754686812e-35
4.8542083878000164e-35
1.6732917662343121e-34
5.7624317399063745e-34
1.9811398046725719e-33
6.7917147527132820e-33
2.3169609073746994e-32
7.8390657724333854e-32
2.6158562652748967e-31
8.5336509141902223e-31
2.6843272319590331e-30
7.9770743220985707e-30
2.2131365556926639e-29
5.7962618429772032e-29
1.4488301300145009e-28
3.4892792473634803e-28
8.1586600469697123e-28
1.8630631402168802e-27
4.1735329282944298e-27
9.2026782062457986e-27
2.0024981655294106e-26
4.3085541894346175e-26
9.1802876095642176e-26
1.9394100431416965e-25
4.0662154110216189e-25
8.4675655699181824e-25
1.7524850491650653e-24
3.6067130616488101e-24
7.3846235004315745e-24
1.5047843385682387e-23
3.0527863712731920e-23
6.1677083429061668e-23
1.2412831934827854e-22
2.4890864136661364e-22
4.9742055672138846e-22
9.9084705573822038e-22
1.9677339494548735e-21
3.8965033317391218e-21
7.6948457678554110e-21
1.5156683950100691e-20
2.9781571506030006e-20
5.8383064944255567e-20
1.1420263626682668e-19
2.2292928241948874e-19
4.3431977146704461e-19
8.4460078035777152e-19
1.6396040168215639e-18
3.1777278374409735e-18
6.1493292736913735e-18
1.1882662617433472e-17
2.2930576989996668e-17
4.4194705212901565e-17
8.5077946612746526e-17
1.6360302011092990e-16
3.1428802661496801e-16
6.0319781875263580e-16
1.1566949893571610e-15
2.2163350891297682e-15
4.2436377180271236e-15
8.1199775742038259e-15
1.5527832619184621e-14
2.9677727884092861e-14
5.6693994216608643e-14
1.0825584805590084e-13
2.0663001851178489e-13
3.9425897671641945e-13
7.5202600721558180e-13
1.4340450633641349e-12
2.7339190052576593e-12
5.2109193529377075e-12
9.9302609322215835e-12
1.8920610758812242e-11
3.6045189566563391e-11
6.8660286596689018e-11
1.3077283923267719e-10
2.4905184890801541e-10
4.7427267512650847e-10
9.0310379235296834e-10
1.7195820712080707e-09
3.2740679370279582e-09
6.2335481906530548e-09
1.1867757319143910e-08
2.2593843747751736e-08
4.3013201772689538e-08
8.1885184883655900e-08
1.5588424514538125e-07
2.9675192658536431e-07
5.6491104200803550e-07
1.0753803677116677e-06
2.0471015052625634e-06
3.8968222648540743e-06
7.4177591367184893e-06
1.4119506074422738e-05
2.6874388306032108e-05
5.1145340247477646e-05
9.7314170670557531e-05
1.8508072430375633e-04
3.5171878942297620e-04
6.6736897276191290e-04
1.2626502660657163e-03
2.3759915141001050e-03
4.4261515125961102e-03
8.0953148455730154e-03
1.4325319098783654e-02
2.3793733150525513e-02
3.4346892658627309e-02
4.1257995147014830e-02
4.5016456333084626e-02
4.6959218707969430e-02
4.7935829871174451e-02
4.8420150874960245e-02
4.8658753103983418e-02
4.8775922300080959e-02
4.8833369506742330e-02
4.8861514075991576e-02
4.8875297816657413e-02
4.8882047444754780e-02
4.8885352601515830e-02
4.8886971269517743e-02
4.8887764226051691e-02
4.8888152900116735e-02
4.8888343610938828e-02
4.8888437367053894e-02
4.8888483624153760e-02
4.8888506603054757e-02
4.8888518172650872e-02
4.8888524155128996e-02
4.8888527411238968e-02
4.8888529349863291e-02
4.8888530666748420e-02
4.8888531706142921e-02
4.8888532637506116e-02
4.8888533539912564e-02
4.8888534446965219e-02
4.8888535386259632e-02
4.8888536398673570e-02
4.8888537526946621e-02
4.8888538808180698e-02
4.8888540271539410e-02
4.8888541938258027e-02
4.8888543823270583e-02
4.8888545882214376e-02
4.8888547893091397e-02
4.8888549638040082e-02
4.8888551131294582e-02
4.8888552398556911e-02
4.8888553468979579e-02
4.8888554373152010e-02
4.8888555141620896e-02
4.8888555803668257e-02
4.8888556386367632e-02
4.8888556913852937e-02
4.8888557406724147e-02
4.8888557881427472e-02
4.8888558349548326e-02
4.8888558817785234e-02
4.8888559291722908e-02
4.8888559783004035e-02
4.8888560298683395e-02
4.8888560805883864e-02
4.8888561247027180e-02
4.8888561608294599e-02
4.8888561893248313e-02
4.8888562118422692e-02
4.8888562298009572e-02
4.8888562436921176e-02
4.8888562535947928e-02
4.8888562596437722e-02
4.8888562623085455e-02
4.8888562622786035e-02
4.8888562588264760e-02
4.8888562482599734e-02
4.8888562270091557e-02
4.8888561916759200e-02
4.8888561388273806e-02
4.8888560647463136e-02
4.8888559651747002e-02
4.8888558349557937e-02
4.8888556671676228e-02
4.8888554587636815e-02
4.8888552113078007e-02
4.8888549474776284e-02
4.8888547144191073e-02
4.8888545213487289e-02
4.8888543626065331e-02
4.8888542334411214e-02
4.8888541297221144e-02
4.8888540479214197e-02
4.8888539850105134e-02
4.8888539383374036e-02
4.8888539054879748e-02
4.8888538840654062e-02
4.8888538714752676e-02
4.8888538648595228e-02
4.8888538613289984e-02
4.8888538592572701e-02
4.8888538580556092e-02
4.8888538575712265e-02
4.8888538578596055e-02
4.8888538592641216e-02
4.8888538618878652e-02
4.8888538653720857e-02
4.8888538696472167e-02
4.8888538755161359e-02
4.8888538850641088e-02
4.8888539020834336e-02
4.8888539323809772e-02
4.8888539806763477e-02
4.8888540507710472e-02
4.8888541456902315e-02
4.8888542677931565e-02
4.8888544187359342e-02
4.8888545993064789e-02
4.8888548098746036e-02
4.8888550444020538e-02
4.8888552737224533e-02
4.8888554661860914e-02
4.8888556223629004e-02
4.8888557451048434e-02
4.8888558384820993e-02
4.8888559073973360e-02
4.8888559571311344e-02
4.8888559928583097e-02
4.8888560192283111e-02
4.8888560400365232e-02
4.8888560580327103e-02
4.8888560749592747e-02
4.8888560918396655e-02
4.8888561095120804e-02
4.8888561294364148e-02
4.8888561533915999e-02
4.8888561832313000e-02
4.8888562208845618e-02
4.8888562682705188e-02
4.8888563193683746e-02
4.8888563568470440e-02
4.8888563780597083e-02
4.8888563893627189e-02
4.8888563959560941e-02
4.8888563991951607e-02
4.8888563988314065e-02
4.8888563929598068e-02
4.8888563762818742e-02
4.8888563446101069e-02
4.8888562948530230e-02
4.8888562244082438e-02
4.8888561324564858e-02
4.8888560198138371e-02
4.8888558863875532e-02
4.8888557240983468e-02
4.8888555182189507e-02
4.8888552626407809e-02
4.8888549519335592e-02
4.8888545940390153e-02
4.8888542579530306e-02
4.8888540051978117e-02
4.8888537785266660e-02
4.8888535629800112e-02
4.8888533593018854e-02
4.8888531505395391e-02
4.8888529851845684e-02
4.8888529165071401e-02
4.8888529308449419e-02
4.8888529522252845e-02
4.8888528651109577e-02
4.8888523293655360e-02
4.8888506593961004e-02
4.8888467958306689e-02
4.8888387080368891e-02
4.8888214814495463e-02
4.8887829268816164e-02
4.8886945155566491e-02
4.8884923157842389e-02
4.8880348105910590e-02
4.8870071487891062e-02
4.8847045356011622e-02
4.8795510173573427e-02
4.8680655959844818e-02
4.8427996346088513e-02
4.7889282445739062e-02
4.6813240481378172e-02
4.4917351925558936e-02
4.2455177500203917e-02
4.0989946558879678e-02
4.0384290036861524e-02
4.0146435258915689e-02
4.0055381098103054e-02
4.0020880927577634e-02
4.0007863456819379e-02
4.0002959910074617e-02
4.0001113963088336e-02
4.0000419214677188e-02
4.0000157758155790e-02
4.0000059366665522e-02
4.0000022340419140e-02
4.0000008406958207e-02
4.0000003163631635e-02
4.0000001190508748e-02
4.0000000448001033e-02
4.0000000168586763e-02
4.0000000063437312e-02
4.0000000023866077e-02
4.0000000008971616e-02
4.0000000003359362e-02
4.0000000001348859e-02
4.0000000000924317e-02
4.0000000001348006e-02
4.0000000003454259e-02
4.0000000010655637e-02
4.0000000033666334e-02
4.0000000106458718e-02
4.0000000336509876e-02
4.0000001063554440e-02
4.0000003361328786e-02
4.0000010623414052e-02
4.0000033576014005e-02
4.0000106126727220e-02
4.0000335498547257e-02
4.0001060993891259e-02
4.0003357982429974e-02
4.0010645953049824e-02
4.0033872355102869e-02
4.0108552511582046e-02
4.0352652711273918e-02
4.1172037787483087e-02
4.4004240764386214e-02
5.3700406268842697e-02
8.0897714773527529e-02
1.2684480486309663e-01
1.6258833881048262e-01
1.7542473504252346e-01
1.8085800139174230e-01
1.8352530998500671e-01
1.8505251452138044e-01
1.8604548656162440e-01
1.8675143174248682e-01
1.8728246096475132e-01
1.8769491513170183e-01
1.8802032338073876e-01
1.8827790383886003e-01
1.8847955453763357e-01
1.8863243614638192e-01
1.8874166037447429e-01
1.8881342729639497e-01
1.8885691876668023e-01
1.8888269019010714e-01
1.8889810503885177e-01
1.8890519764599031e-01
1.8890555746953849e-01
1.8890107811837370e-01
1.8889123329780613e-01
1.8887449222090547e-01
1.8884919798332844e-01
1.8881440999594451e-01
1.8878071872751220e-01
1.8875840109109882e-01
1.8874507998941886e-01
1.8873593382537096e-01
1.8873022228185773e-01
1.8872531751608770e-01
1.8871074165497734e-01
1.8864755909128134e-01
1.8856417296466566e-01
1.8844277941574633e-01
1.8829427440540841e-01
1.8814206456678606e-01
1.8815399012008985e-01
1.8822909274472405e-01
1.8849137625565401e-01
1.8888160159673215e-01
1.8928114375243821e-01
1.8956350665622046e-01
1.8972263530062580e-01
1.8973335025289181e-01
1.8808699168752427e-01
1.8175519839847715e-01
1.7131211638139790e-01
1.6449249714622913e-01
1.6162316011244859e-01
2.9283467030641537e-36
5.0981390114816039e-36
1.0757482383419380e-35
2.3407136106566908e-35
5.0711975934263213e-35
1.0882243830307019e-34
2.3133617079681947e-34
4.8762630223556134e-34
1.0200733553576293e-33
2.1193115810110671e-33
4.3756062121795599e-33
8.9820753391535018e-33
1.8339574749271590e-32
3.7258603923368592e-32
7.5338434318679921e-32
1.5165925261822583e-31
3.0400322405760040e-31
6.0691342705477841e-31
1.2069427209742015e-30
2.3912304840339092e-30
4.7204930542412482e-30
9.2861263136430697e-30
1.8205727556245083e-29
3.5575267366376953e-29
6.9293354493075530e-29
1.3454623505428434e-28
2.6044645354113117e-28
5.0264360080388241e-28
9.6721354540721828e-28
1.8557901617213588e-27
3.5506001640069994e-27
6.7742579832835327e-27
1.2889264692531896e-26
2.4457906074327262e-26
4.6286295606191857e-26
8.7366322403208031e-26
1.6447878500288138e-25
3.0886238634780032e-25
5.7852750390500415e-25
1.0809384169054114e-24
2.0146961819041129e-24
3.7459609651614212e-24
6.9482455238956239e-24
1.2857550792051844e-23
2.3736973408893158e-23
4.3720907593209043e-23
8.0345657537778016e-23
1.4731865578172001e-22
2.6951808021111465e-22
4.9200065140128604e-22
8.9619801135590001e-22
1.6289803724995172e-21
2.9547077568669719e-21
5.3482715438561078e-21
9.6610930223089266e-21
1.7416740935659866e-20
3.1336430703954473e-20
5.6271522128818989e-20
1.0085538828741442e-19
1.8042470236339160e-19
3.2217721728334600e-19
5.7426379587862441e-19
1.0217909316131859e-18
1.8149440109359390e-18
3.2183403007908476e-18
5.6975163112920257e-18
1.0070285532290508e-17
1.7771278174657908e-17
3.1313719275990357e-17
5.5094536106217597e-17
9.6796443526945193e-17
1.6982697535290791e-16
2.9755691197060266e-16
5.2067826237575296e-16
9.0996574991335886e-16
1.5883901419769293e-15
2.7694041629473469e-15
4.8231759034386813e-15
8.3910845654113237e-15
1.4583506751031698e-14
2.5321258960582268e-14
4.3924675768243926e-14
7.6129346302980841e-14
1.3183660596459319e-13
2.2812881461910221e-13
3.9446093855759707e-13
6.8159551738480220e-13
1.1769743742662687e-12
2.0311549800469806e-12
3.5032616169734839e-12
6.0391058142462224e-12
1.0405423416614471e-11
1.7920485248290371e-11
3.0850188681937346e-11
5.3088248004847625e-11
9.1324059423730867e-11
1.5704758854030680e-10
2.6999072760054923e-10
4.6403363586169391e-10
7.9734063404044081e-10
1.3697528622010828e-09
2.3526307611754229e-09
4.0400544726025011e-09
6.9366623784502190e-09
1.1908337359966523e-08
2.0440695792021032e-08
3.5082484817494617e-08
6.0206134265803107e-08
1.0331227907386500e-07
1.7726725694013052e-07
3.0414073733200213e-07
5.2178764798190929e-07
8.9513656279904533e-07
1.5355493393807588e-06
2.6340215502769007e-06
4.5181151699357608e-06
7.7495774086673981e-06
1.3291691940824010e-05
2.2796088976341181e-05
3.9094035652937805e-05
6.7037254257718682e-05
1.1493477617444886e-04
1.9700199184918618e-04
3.3751630183679259e-04
5.7781406486304111e-04
9.8791213936129862e-04
1.6853444173169823e-03
2.8643311210947205e-03
4.8370845821358102e-03
8.0820789787689404e-03
1.3275494053533447e-02
2.1231611377765740e-02
3.1642082124193616e-02
4.1287349268826955e-02
4.7604704741849607e-02
5.1440868885063051e-02
5.3673922328544718e-02
5.4942823194557733e-02
5.5653941202521748e-02
5.6049334808291738e-02
5.6268198872279747e-02
5.6389034422301448e-02
5.6455640740923289e-02
5.6492312193930388e-02
5.6512481356008108e-02
5.6523562780096757e-02
5.6529645865033576e-02
5.6532985237468983e-02
5.6534823454082880e-02
5.6535844468615939e-02
5.6536423485839885e-02
5.6536764797253655e-02
5.6536978088454447e-02
5.6537120935164401e-02
5.6537222636234667e-02
5.6537297638811934e-02
5.6537353051621726e-02
5.6537392722782423e-02
5.6537419327592632e-02
5.6537435354164590e-02
5.6537443432649000e-02
5.6537446210270403e-02
5.6537446111445046e-02
5.6537443574441203e-02
5.6537436617878495e-02
5.6537423767846429e-02
5.6537404654658369e-02
5.6537384774490981e-02
5.6537371476017104e-02
5.6537364224437253e-02
5.6537361409962891e-02
5.6537361076291537e-02
5.6537362450059817e-02
5.6537366892458613e-02
5.6537375826202212e-02
5.6537390257807983e-02
5.6537408542193968e-02
5.6537424837320521e-02
5.6537435399303747e-02
5.6537441224724365e-02
5.6537443616589592e-02
5.6537444062914062e-02
5.6537443286580683e-02
5.6537440525293962e-02
5.6537434751964363e-02
5.6537425229947570e-02
5.6537413920867051e-02
5.6537405215795866e-02
5.6537400377162358e-02
5.6537398435074167e-02
5.6537398142460803e-02
5.6537398943995509e-02
5.6537401631608940e-02
5.6537407092965418e-02
5.6537415892453965e-02
5.6537426879551503e-02
5.6537436584267887e-02
5.6537443039126445e-02
5.6537446796411671e-02
5.6537448504137125e-02
5.6537448931465152e-02
5.6537448395456338e-02
5.6537446037682834e-02
5.6537440373004788e-02
5.6537429858652233e-02
5.6537412718537246e-02
5.6537386054163766e-02
5.6537343715147667e-02
5.6537272193150578e-02
5.6537143283307022e-02
5.6536901020306556e-02
5.6536437775383072e-02
5.6535549328025389e-02
5.6533849194283378e-02
5.6530604690448606e-02
5.6524424005341037e-02
5.6512661843390197e-02
5.6490297356141854e-02
5.6447831481795246e-02
5.6367391242696914e-02
5.6215667824897862e-02
5.5931694547345909e-02
5.5407769186761172e-02
5.4466651030521292e-02
5.2857973968460210e-02
5.0372613388008636e-02
4.7537669630835444e-02
4.5641928558149351e-02
4.4603050981284011e-02
4.4061718943960090e-02
4.3787983933804744e-02
4.3651713664116340e-02
4.3584423612518450e-02
4.3551335020221189e-02
4.3535099447517808e-02
4.3527141879792043e-02
4.3523243711103214e-02
4.3521334532171600e-02
4.3520399480535335e-02
4.3519941410528777e-02
4.3519716867331894e-02
4.3519606651162737e-02
4.3519552406729292e-02
4.3519525568920442e-02
4.3519512156691642e-02
4.3519505327651482e-02
4.3519501732796659e-02
4.3519499732130838e-02
4.3519498521521427e-02
4.3519497705648218e-02
4.3519497089256738e-02
4.3519496575203119e-02
4.3519496114571919e-02
4.3519495682539801e-02
4.3519495266635455e-02
4.3519494858974529e-02
4.3519494452944341e-02
4.3519494040214830e-02
4.3519493605908753e-02
4.3519493133481635e-02
4.3519492610946543e-02
4.3519492032188488e-02
4.3519491415061243e-02
4.3519490822155317e-02
4.3519490306903073e-02
4.3519489867810568e-02
4.3519489498470690e-02
4.3519489190664278e-02
4.3519488935471771e-02
4.3519488723873137e-02
4.3519488547141411e-02
4.3519488397129706e-02
4.3519488266497673e-02
4.3519488148878710e-02
4.3519488039027762e-02
4.3519487933049578e-02
4.3519487828420668e-02
4.3519487723733458e-02
4.3519487619080338e-02
4.3519487517554814e-02
4.3519487427174208e-02
4.3519487361092006e-02
4.3519487324411507e-02
4.3519487312560771e-02
4.3519487321073337e-02
4.3519487362087286e-02
4.3519487455874389e-02
4.3519487615212224e-02
4.3519487846334970e-02
4.3519488152656556e-02
4.3519488538748742e-02
4.3519489013127306e-02
4.3519489594466373e-02
4.3519490307531772e-02
4.3519491174517512e-02
4.3519492208755353e-02
4.3519493412413450e-02
4.3519494774981647e-02
4.3519496271641131e-02
4.3519497795402734e-02
4.3519499220289450e-02
4.3519500544581764e-02
4.3519501762980667e-02
4.3519502813670799e-02
4.3519503678215117e-02
4.3519504373831085e-02
4.3519504925343629e-02
4.3519505356609492e-02
4.3519505687898315e-02
4.3519505935556389e-02
4.3519506112718202e-02
4.3519506230483784e-02
4.3519506298947554e-02
4.3519506328658412e-02
4.3519506333848018e-02
4.3519506320313234e-02
4.3519506273938087e-02
4.3519506178959645e-02
4.3519506022642623e-02
4.3519505793977224e-02
4.3519505483289443e-02
4.3519505083360097e-02
4.3519504591315525e-02
4.3519504008606616e-02
4.3519503340306839e-02
4.3519502594700679e-02
4.3519501788965811e-02
4.3519500987993162e-02
4.3519500255992591e-02
4.3519499576876147e-02
4.3519498927909211e-02
4.3519498289642120e-02
4.3519497648870031e-02
4.3519496990332300e-02
4.3519496288571900e-02
4.3519495544390704e-02
4.3519494833460182e-02
4.3519494240894394e-02
4.3519493771752064e-02
4.3519493415036643e-02
4.3519493152201737e-02
4.3519492961845783e-02
4.3519492822863694e-02
4.3519492716439991e-02
4.3519492627303737e-02
4.3519492544491882e-02
4.3519492460827064e-02
4.3519492368476631e-02
4.3519492255866536e-02
4.3519492111041565e-02
4.3519491921032653e-02
4.3519491670948762e-02
4.3519491347754527e-02
4.3519490948702853e-02
4.3519490486717015e-02
4.3519489979434903e-02
4.3519489457747251e-02
4.3519488931446866e-02
4.3519488415349805e-02
4.3519487968423615e-02
4.3519487636403967e-02
4.3519487419146352e-02
4.3519487279121541e-02
4.3519487177567144e-02
4.3519487098731414e-02
4.3519487051504380e-02
4.3519487041812091e-02
4.3519487098840529e-02
4.3519487331040073e-02
4.3519487879983478e-02
4.3519488714135024e-02
4.3519489438641132e-02
4.3519489810407111e-02
4.3519490047944753e-02
4.3519490407420300e-02
4.3519491210981788e-02
4.3519492749736308e-02
4.3519494602002398e-02
4.3519495620809610e-02
4.3519495704069766e-02
4.3519495007223526e-02
4.3519493725524251e-02
4.3519493150874590e-02
4.3519494205351096e-02
4.3519496362174628e-02
4.3519497528901982e-02
4.3519494932163040e-02
4.3519484070212694e-02
4.3519461363003234e-02
4.3519425364786007e-02
4.3519364369012381e-02
4.3519228125927241e-02
4.3518885183451636e-02
4.3518057689476211e-02
4.3516179985795253e-02
4.3512031901622665e-02
4.3502841832642934e-02
4.3482286734674358e-02
4.3436307546139259e-02
4.3334957181247885e-02
4.3119115556387595e-02
4.2689163840567382e-02
4.1934130602544993e-02
4.0960202432214002e-02
4.0386442604661135e-02
4.0149736807216702e-02
4.0056979045402598e-02
4.0021531752010370e-02
4.0008114955439607e-02
4.0003055365423423e-02
4.0001149976388511e-02
4.0000432776919781e-02
4.0000162863026545e-02
4.0000061287910463e-02
4.0000023063457200e-02
4.0000008679057543e-02
4.0000003266028435e-02
4.0000001229042903e-02
4.0000000462502482e-02
4.0000000174043926e-02
4.0000000065490066e-02
4.0000000024632373e-02
4.0000000009253037e-02
4.0000000003487128e-02
4.0000000001393199e-02
4.0000000000771307e-02
4.0000000000915442e-02
4.0000000002180972e-02
4.0000000006688352e-02
4.0000000021120669e-02
4.0000000066771943e-02
4.0000000211050345e-02
4.0000000667030730e-02
4.0000002108116973e-02
4.0000006662493454e-02
4.0000021055828776e-02
4.0000066542583257e-02
4.0000210287833862e-02
4.0000664516559939e-02
4.0002099689939070e-02
4.0006633243172531e-02
4.0020948226550043e-02
4.0066109513959107e-02
4.0208302602183069e-02
4.0653809522934202e-02
4.2032383899742336e-02
4.6165947607945713e-02
5.7648299716515687e-02
8.3156322901946328e-02
1.0689219326173792e-01
1.1236717515792541e-01
1.1148302758992396e-01
1.1015044211099534e-01
1.0883497302989671e-01
1.0781187578983076e-01
1.0698423028828651e-01
1.0627234262483737e-01
1.0563177610811476e-01
1.0503812460188686e-01
1.0447914293215309e-01
1.0395022913579476e-01
1.0345171141563722e-01
1.0298713489277110e-01
1.0256205742445182e-01
1.0218291110132401e-01
1.0185555312681567e-01
1.0158342318696860e-01
1.0136588442578313e-01
1.0119802563504940e-01
1.0107265797663283e-01
1.0098263709343230e-01
1.0092005248180839e-01
1.0087575494822451e-01
1.0083947595099957e-01
1.0080363858395637e-01
1.0076353090763306e-01
1.0071709633224732e-01
1.0066419361315321e-01
1.0059839526194017e-01
1.0052777234456223e-01
1.0046119812296807e-01
1.0040041032673523e-01
1.0034702262883409e-01
1.0029860218939818e-01
1.0024981566803502e-01
1.0019568402335390e-01
1.0008504909296047e-01
9.9949697635144122e-02
9.9748831586223274e-02
9.9389337285765822e-02
9.8933077160443791e-02
9.8367449250247666e-02
9.7628096752096771e-02
9.6579484058338300e-02
9.3831970732850087e-02
9.0132880165694221e-02
8.2565654629941088e-02
7.3991384422389422e-02
6.9620393279754250e-02
6.7801218015466735e-02
